[[0, 0, 0, 0], [0, 0, 0, 6], [0, 0, 1, 5], [0, 0, 2, 4], [0, 0, 3, 3], [0, 0, 4, 2], [0, 0, 5, 1], [0, 0, 6, 0], [0, 1, 0, 5], [0, 1, 1, 4], [0, 1, 2, 3], [0, 1, 3, 2], [0, 1, 4, 1], [0, 1, 5, 0], [0, 2, 0, 4], [0, 2, 1, 3], [0, 2, 2, 2], [0, 2, 3, 1], [0, 2, 4, 0], [0, 3, 0, 3], [0, 3, 1, 2], [0, 3, 2, 1], [0, 3, 3, 0], [0, 4, 0, 2], [0, 4, 1, 1], [0, 4, 2, 0], [0, 5, 0, 1], [0, 5, 1, 0], [0, 6, 0, 0], [1, 0, 0, 5], [1, 0, 1, 4], [1, 0, 2, 3], [1, 0, 3, 2], [1, 0, 4, 1], [1, 0, 5, 0], [1, 1, 0, 4], [1, 1, 1, 3], [1, 1, 2, 2], [1, 1, 3, 1], [1, 1, 4, 0], [1, 2, 0, 3], [1, 2, 1, 2], [1, 2, 2, 1], [1, 2, 3, 0], [1, 3, 0, 2], [1, 3, 1, 1], [1, 3, 2, 0], [1, 4, 0, 1], [1, 4, 1, 0], [1, 5, 0, 0], [2, 0, 0, 4], [2, 0, 1, 3], [2, 0, 2, 2], [2, 0, 3, 1], [2, 0, 4, 0], [2, 1, 0, 3], [2, 1, 1, 2], [2, 1, 2, 1], [2, 1, 3, 0], [2, 2, 0, 2], [2, 2, 1, 1], [2, 2, 2, 0], [2, 3, 0, 1], [2, 3, 1, 0], [2, 4, 0, 0], [3, 0, 0, 3], [3, 0, 1, 2], [3, 0, 2, 1], [3, 0, 3, 0], [3, 1, 0, 2], [3, 1, 1, 1], [3, 1, 2, 0], [3, 2, 0, 1], [3, 2, 1, 0], [3, 3, 0, 0], [4, 0, 0, 2], [4, 0, 1, 1], [4, 0, 2, 0], [4, 1, 0, 1], [4, 1, 1, 0], [4, 2, 0, 0], [5, 0, 0, 1], [5, 0, 1, 0], [5, 1, 0, 0], [6, 0, 0, 0]]
85
Time:    0.0780041217804
Numbers: 222, 350, 80, 125
Sum:     777
Product: 777000000

Time:    0.0790040493011
Numbers: 222, 350, 125, 80
Sum:     777
Product: 777000000

Time:    0.139008045197
Numbers: 222, 80, 350, 125
Sum:     777
Product: 777000000

Time:    0.148008108139
Numbers: 222, 125, 350, 80
Sum:     777
Product: 777000000

Time:    0.205011129379
Numbers: 222, 80, 125, 350
Sum:     777
Product: 777000000

Time:    0.212012052536
Numbers: 222, 125, 80, 350
Sum:     777
Product: 777000000

Time:    0.303017139435
Numbers: 350, 222, 80, 125
Sum:     777
Product: 777000000

Time:    0.304017066956
Numbers: 350, 222, 125, 80
Sum:     777
Product: 777000000

Time:    0.419023990631
Numbers: 80, 222, 350, 125
Sum:     777
Product: 777000000

Time:    0.446025133133
Numbers: 125, 222, 350, 80
Sum:     777
Product: 777000000

Time:    0.485027074814
Numbers: 80, 222, 125, 350
Sum:     777
Product: 777000000

Time:    0.511029005051
Numbers: 125, 222, 80, 350
Sum:     777
Product: 777000000

Time:    0.568032026291
Numbers: 350, 80, 222, 125
Sum:     777
Product: 777000000

Time:    0.574033021927
Numbers: 350, 125, 222, 80
Sum:     777
Product: 777000000

Time:    0.62203502655
Numbers: 80, 350, 222, 125
Sum:     777
Product: 777000000

Time:    0.647037029266
Numbers: 125, 350, 222, 80
Sum:     777
Product: 777000000

Time:    0.756042957306
Numbers: 80, 125, 222, 350
Sum:     777
Product: 777000000

Time:    0.775043964386
Numbers: 125, 80, 222, 350
Sum:     777
Product: 777000000

Time:    0.832046985626
Numbers: 350, 80, 125, 222
Sum:     777
Product: 777000000

Time:    0.836048126221
Numbers: 350, 125, 80, 222
Sum:     777
Product: 777000000

Time:    0.88805103302
Numbers: 80, 350, 125, 222
Sum:     777
Product: 777000000

Time:    0.913052082062
Numbers: 125, 350, 80, 222
Sum:     777
Product: 777000000

Time:    0.960055112839
Numbers: 80, 125, 350, 222
Sum:     777
Product: 777000000

Time:    0.979056119919
Numbers: 125, 80, 350, 222
Sum:     777
Product: 777000000

Time:    1.06105995178
