[[0, 0, 0, 0], [0, 0, 0, 6], [0, 0, 1, 5], [0, 0, 2, 4], [0, 0, 3, 3], [0, 0, 4, 2], [0, 0, 5, 1], [0, 0, 6, 0], [0, 1, 0, 5], [0, 1, 1, 4], [0, 1, 2, 3], [0, 1, 3, 2], [0, 1, 4, 1], [0, 1, 5, 0], [0, 2, 0, 4], [0, 2, 1, 3], [0, 2, 2, 2], [0, 2, 3, 1], [0, 2, 4, 0], [0, 3, 0, 3], [0, 3, 1, 2], [0, 3, 2, 1], [0, 3, 3, 0], [0, 4, 0, 2], [0, 4, 1, 1], [0, 4, 2, 0], [0, 5, 0, 1], [0, 5, 1, 0], [0, 6, 0, 0], [1, 0, 0, 5], [1, 0, 1, 4], [1, 0, 2, 3], [1, 0, 3, 2], [1, 0, 4, 1], [1, 0, 5, 0], [1, 1, 0, 4], [1, 1, 1, 3], [1, 1, 2, 2], [1, 1, 3, 1], [1, 1, 4, 0], [1, 2, 0, 3], [1, 2, 1, 2], [1, 2, 2, 1], [1, 2, 3, 0], [1, 3, 0, 2], [1, 3, 1, 1], [1, 3, 2, 0], [1, 4, 0, 1], [1, 4, 1, 0], [1, 5, 0, 0], [2, 0, 0, 4], [2, 0, 1, 3], [2, 0, 2, 2], [2, 0, 3, 1], [2, 0, 4, 0], [2, 1, 0, 3], [2, 1, 1, 2], [2, 1, 2, 1], [2, 1, 3, 0], [2, 2, 0, 2], [2, 2, 1, 1], [2, 2, 2, 0], [2, 3, 0, 1], [2, 3, 1, 0], [2, 4, 0, 0], [3, 0, 0, 3], [3, 0, 1, 2], [3, 0, 2, 1], [3, 0, 3, 0], [3, 1, 0, 2], [3, 1, 1, 1], [3, 1, 2, 0], [3, 2, 0, 1], [3, 2, 1, 0], [3, 3, 0, 0], [4, 0, 0, 2], [4, 0, 1, 1], [4, 0, 2, 0], [4, 1, 0, 1], [4, 1, 1, 0], [4, 2, 0, 0], [5, 0, 0, 1], [5, 0, 1, 0], [5, 1, 0, 0], [6, 0, 0, 0]]
85
Time:    0.0700039863586
Numbers: 222, 350, 80, 125
Sum:     777
Product: 777000000

Time:    0.072005033493
Numbers: 222, 350, 125, 80
Sum:     777
Product: 777000000

Time:    0.123007059097
Numbers: 222, 80, 350, 125
Sum:     777
Product: 777000000

Time:    0.131008148193
Numbers: 222, 125, 350, 80
Sum:     777
Product: 777000000

Time:    0.180011034012
Numbers: 222, 80, 125, 350
Sum:     777
Product: 777000000

Time:    0.186011075974
Numbers: 222, 125, 80, 350
Sum:     777
Product: 777000000

Time:    0.235013961792
